[gd_scene load_steps=7 format=3 uid="uid://cvvpsibti0lcp"]

[ext_resource type="Script" uid="uid://0rd3jn7cbn0d" path="res://Scripts/Player.gd" id="1_lu7l2"]
[ext_resource type="Script" uid="uid://d03saohuysxmw" path="res://Scripts/SmoothCameraArm.gd" id="2_nj4ej"]
[ext_resource type="PackedScene" uid="uid://cl8p71ouiyvu2" path="res://GameObjects/Rig.tscn" id="3_0yq7s"]
[ext_resource type="Script" uid="uid://ckms4wc7aqh42" path="res://Scripts/AttackRayCast.gd" id="4_hwx2g"]

[sub_resource type="CapsuleShape3D" id="CapsuleShape3D_lu7l2"]

[sub_resource type="SeparationRayShape3D" id="SeparationRayShape3D_lu7l2"]

[node name="Player" type="CharacterBody3D"]
script = ExtResource("1_lu7l2")
moveSpeed = null
jumpSpeed = null
attackMoveSpeed = null
mouseSensitivity = null
minMouseBoundary = null
maxMouseBoundary = null
animationDecay = null

[node name="CollisionShape3D" type="CollisionShape3D" parent="."]
shape = SubResource("CapsuleShape3D_lu7l2")

[node name="SmoothCameraArm" type="SpringArm3D" parent="." node_paths=PackedStringArray("target")]
transform = Transform3D(1, 0, 0, 0, 0.90630776, 0.42261827, 0, -0.42261827, 0.90630776, 0, 0.316, 0)
shape = SubResource("SeparationRayShape3D_lu7l2")
spring_length = 4.0
script = ExtResource("2_nj4ej")
target = NodePath("../HorizontalPivot/VerticalPivot")

[node name="Camera3D" type="Camera3D" parent="SmoothCameraArm"]
transform = Transform3D(1, 0, 0, 0, 0.99158114, -0.12948793, 0, 0.12948793, 0.99158114, 0, 0, 0)

[node name="HorizontalPivot" type="Node3D" parent="."]

[node name="VerticalPivot" type="Node3D" parent="HorizontalPivot"]

[node name="RigPivot" type="Node3D" parent="."]
transform = Transform3D(1, 0, 0, 0, 1, 0, 0, 0, 1, 0, -1, 0)

[node name="Rig" parent="RigPivot" instance=ExtResource("3_0yq7s")]

[node name="Skeleton3D" parent="RigPivot/Rig/CharacterRig/GameRig" index="0"]
bones/0/position = Vector3(1.41959275e-14, 0.9040753, -0.048173536)
bones/2/rotation = Quaternion(0.0026740597, -0.0003428933, 0.0032129916, 0.9999913)
bones/3/rotation = Quaternion(-0.09238414, -0.00032667033, 0.008522662, 0.99568695)
bones/4/rotation = Quaternion(0.27336475, 1.545525e-08, 8.942815e-08, 0.96191055)
bones/6/rotation = Quaternion(-0.16080983, -1.1733834e-07, -2.1122402e-08, 0.9869855)
bones/7/position = Vector3(-5.5572183e-08, 0.9040752, -0.04817347)
bones/8/position = Vector3(-5.8037436e-08, 0.9040752, -0.04817353)
bones/9/position = Vector3(0.13114369, 0.97027946, -0.035129115)
bones/9/rotation = Quaternion(0.99365896, 0.020553103, -0.031100862, 0.106077015)
bones/11/rotation = Quaternion(0.40776697, -0.00069854903, 0.00031209498, 0.9130858)
bones/13/rotation = Quaternion(-0.74622744, 0.011865686, 0.024380993, 0.66513866)
bones/15/position = Vector3(-0.1311437, 0.9702796, -0.035129108)
bones/15/rotation = Quaternion(0.97453016, -0.005528419, 0.027498307, 0.22249569)
bones/17/rotation = Quaternion(0.43276253, 0.003223653, -0.0015476225, 0.9015009)
bones/19/rotation = Quaternion(-0.68316764, -0.028165832, -0.001092453, 0.7297174)
bones/21/position = Vector3(0.025128616, 1.4339371, 0.044966806)
bones/21/rotation = Quaternion(-0.48096767, -0.2630697, -0.40906063, 0.7294751)
bones/22/position = Vector3(0.19013755, 1.4719454, -0.016411427)
bones/22/rotation = Quaternion(0.03455786, -0.16202599, 0.9751041, -0.14739512)
bones/23/rotation = Quaternion(9.840518e-08, -0.028411906, 1.1343857e-08, 0.9995963)
bones/24/rotation = Quaternion(0.3274057, -0.028416535, -0.020362005, 0.944237)
bones/46/position = Vector3(-0.011363526, 1.4339371, 0.04496679)
bones/46/rotation = Quaternion(-0.4899706, 0.24393421, 0.3962934, 0.7371408)
bones/47/position = Vector3(-0.17292203, 1.4724431, -0.024717074)
bones/47/rotation = Quaternion(-0.041255727, -0.14264451, 0.975241, 0.16387692)
bones/48/rotation = Quaternion(-1.1117048e-07, 0.036630746, -2.3113306e-07, 0.99932885)
bones/49/rotation = Quaternion(0.36451936, 0.036631215, 0.028793894, 0.9300294)
bones/71/position = Vector3(0.12719111, 1.3537357, -0.025346983)
bones/71/rotation = Quaternion(1.9844363e-08, 0.60522425, 0.796055, -4.612204e-08)
bones/72/position = Vector3(-0.113425955, 1.3537357, -0.025347015)
bones/72/rotation = Quaternion(1.9844409e-08, 0.60522425, 0.796055, -4.612197e-08)

[node name="RightHandBone" parent="RigPivot/Rig" index="2"]
transform = Transform3D(-0.9623436, -0.27080062, -0.023715124, 0.2309584, -0.86052, 0.45405295, -0.14336509, 0.43147764, 0.8906589, -0.3467383, 0.9984136, 0.0025002807)

[node name="LeftHandBone" parent="RigPivot/Rig" index="3"]
transform = Transform3D(-0.9705138, 0.23910685, 0.030520597, -0.2150823, -0.9161683, 0.33819467, 0.10882667, 0.32165807, 0.940581, 0.34694764, 0.98343754, -0.026277099)

[node name="RayCastBoneAttachment" type="BoneAttachment3D" parent="RigPivot/Rig"]
transform = Transform3D(-0.9623436, -0.27080062, -0.023715124, 0.2309584, -0.86052, 0.45405295, -0.14336509, 0.43147764, 0.8906589, -0.3467383, 0.9984136, 0.0025002807)
bone_name = "DEF-hand.R"
bone_idx = 51
use_external_skeleton = true
external_skeleton = NodePath("../CharacterRig/GameRig/Skeleton3D")

[node name="AttackRayCast" type="RayCast3D" parent="RigPivot/Rig/RayCastBoneAttachment"]
unique_name_in_owner = true
transform = Transform3D(-0.13543418, -0.24497953, 0.96002215, 0.9899943, 0.0052752257, 0.1410086, -0.039608564, 0.96951365, 0.24181396, -0.013728738, 0.088065386, -0.0448094)
target_position = Vector3(0, 1, 0)
collision_mask = 8
script = ExtResource("4_hwx2g")

[editable path="RigPivot/Rig"]
[editable path="RigPivot/Rig/CharacterRig"]
