[gd_scene load_steps=7 format=3 uid="uid://cvvpsibti0lcp"]

[ext_resource type="Script" uid="uid://0rd3jn7cbn0d" path="res://Scripts/Player.gd" id="1_lu7l2"]
[ext_resource type="Script" uid="uid://d03saohuysxmw" path="res://Scripts/SmoothCameraArm.gd" id="2_nj4ej"]
[ext_resource type="PackedScene" uid="uid://cl8p71ouiyvu2" path="res://GameObjects/Rig.tscn" id="3_0yq7s"]
[ext_resource type="Script" uid="uid://ckms4wc7aqh42" path="res://Scripts/AttackRayCast.gd" id="4_hwx2g"]

[sub_resource type="CapsuleShape3D" id="CapsuleShape3D_lu7l2"]

[sub_resource type="SeparationRayShape3D" id="SeparationRayShape3D_lu7l2"]

[node name="Player" type="CharacterBody3D"]
collision_layer = 5
script = ExtResource("1_lu7l2")
moveSpeed = null
jumpSpeed = null
attackMoveSpeed = null
mouseSensitivity = null
minMouseBoundary = null
maxMouseBoundary = null
animationDecay = null

[node name="CollisionShape3D" type="CollisionShape3D" parent="."]
shape = SubResource("CapsuleShape3D_lu7l2")

[node name="SmoothCameraArm" type="SpringArm3D" parent="." node_paths=PackedStringArray("target")]
transform = Transform3D(1, 0, 0, 0, 0.90630776, 0.42261827, 0, -0.42261827, 0.90630776, 0, 0.316, 0)
shape = SubResource("SeparationRayShape3D_lu7l2")
spring_length = 4.0
script = ExtResource("2_nj4ej")
target = NodePath("../HorizontalPivot/VerticalPivot")

[node name="Camera3D" type="Camera3D" parent="SmoothCameraArm"]
transform = Transform3D(1, 0, 0, 0, 0.99158114, -0.12948793, 0, 0.12948793, 0.99158114, 0, 0, 0)

[node name="HorizontalPivot" type="Node3D" parent="."]

[node name="VerticalPivot" type="Node3D" parent="HorizontalPivot"]

[node name="RigPivot" type="Node3D" parent="."]
transform = Transform3D(1, 0, 0, 0, 1, 0, 0, 0, 1, 0, -1, 0)

[node name="Rig" parent="RigPivot" instance=ExtResource("3_0yq7s")]

[node name="Skeleton3D" parent="RigPivot/Rig/CharacterRig/GameRig" index="0"]
bones/0/position = Vector3(4.2990386e-15, 0.9077489, -0.04817357)
bones/0/rotation = Quaternion(0.12581974, 1.1826191e-07, 1.4998871e-08, 0.99205315)
bones/1/rotation = Quaternion(-0.05665772, -0.00072972954, -0.011708177, 0.9983248)
bones/2/position = Vector3(3.204737e-09, 0.14668903, -1.9557774e-08)
bones/2/rotation = Quaternion(0.0049880715, -0.00030539074, 0.0032119714, 0.9999824)
bones/3/rotation = Quaternion(-0.09021007, -0.0002983865, 0.008523893, 0.9958863)
bones/4/position = Vector3(3.0293398e-10, 0.09255617, 3.9115548e-08)
bones/4/rotation = Quaternion(0.27142978, 1.5002335e-08, 9.020091e-08, 0.9624583)
bones/5/rotation = Quaternion(-0.09485639, -2.806912e-14, -2.2615541e-08, 0.99549097)
bones/6/rotation = Quaternion(-0.16329728, -1.1780827e-07, -1.8265816e-08, 0.9865769)
bones/7/position = Vector3(-2.5168957e-08, 0.9077487, -0.04817347)
bones/7/rotation = Quaternion(-0.086367704, -0.75110435, -0.38305166, 0.53071135)
bones/8/position = Vector3(-5.906245e-08, 0.90774876, -0.048173517)
bones/8/rotation = Quaternion(-0.08636769, 0.7511042, 0.3830516, 0.5307113)
bones/9/position = Vector3(0.13114367, 0.973953, -0.035129108)
bones/9/rotation = Quaternion(0.9940184, 0.020368014, -0.031190084, 0.10266433)
bones/10/position = Vector3(-2.3612856e-08, 0.2660098, -2.1478938e-08)
bones/10/rotation = Quaternion(-3.139207e-08, -0.0006950857, 1.2044876e-08, 0.99999976)
bones/11/position = Vector3(-4.6305953e-08, 0.2660099, 2.421448e-08)
bones/11/rotation = Quaternion(0.4000411, -0.0006966236, 0.00030420106, 0.91649693)
bones/12/position = Vector3(3.051513e-08, 0.22602953, 5.0376833e-08)
bones/12/rotation = Quaternion(-8.192261e-09, -0.0071064373, 4.1610164e-08, 0.9999748)
bones/13/position = Vector3(-2.9549483e-08, 0.22602952, 2.6839189e-09)
bones/13/rotation = Quaternion(-0.74295044, 0.0118535105, 0.024368502, 0.6687978)
bones/15/position = Vector3(-0.13114372, 0.97395307, -0.035129108)
bones/15/rotation = Quaternion(0.9753093, -0.005377447, 0.02760298, 0.21904545)
bones/16/position = Vector3(-1.1004229e-08, 0.2657052, -3.3198894e-08)
bones/16/rotation = Quaternion(-3.4322706e-08, 0.003143231, 8.33075e-10, 0.9999951)
bones/17/position = Vector3(1.835448e-08, 0.26570538, 6.9854256e-10)
bones/17/rotation = Quaternion(0.42575666, 0.0031822412, -0.0014974601, 0.90483093)
bones/18/position = Vector3(1.2807033e-08, 0.2257194, -8.287741e-09)
bones/18/rotation = Quaternion(-2.2901656e-08, -0.007857315, 3.3014885e-08, 0.9999691)
bones/19/position = Vector3(-1.2774763e-08, 0.22571929, 1.1200427e-08)
bones/19/rotation = Quaternion(-0.6801479, -0.02814946, -0.0013055698, 0.7325332)
bones/21/position = Vector3(0.025128614, 1.4374411, 0.04630106)
bones/21/rotation = Quaternion(-0.47473148, -0.26557148, -0.413641, 0.73007053)
bones/22/position = Vector3(0.19092989, 1.4759694, -0.012569218)
bones/22/rotation = Quaternion(0.02665293, -0.1632154, 0.9753522, -0.14607693)
bones/23/rotation = Quaternion(4.044951e-08, -0.034811467, 5.603621e-08, 0.99939394)
bones/24/rotation = Quaternion(0.34185258, -0.03481229, -0.021331133, 0.9388664)
bones/25/rotation = Quaternion(1.499429e-07, -1.2060627e-07, 9.9185876e-08, 1)
bones/26/rotation = Quaternion(-0.008248833, -0.00027077025, -0.032866735, 0.9994257)
bones/46/position = Vector3(-0.011363526, 1.4374411, 0.046301045)
bones/46/rotation = Quaternion(-0.478704, 0.25610772, 0.40763175, 0.734226)
bones/47/position = Vector3(-0.1755947, 1.4763225, -0.016588753)
bones/47/rotation = Quaternion(-0.023261346, -0.14564289, 0.975836, 0.1612182)
bones/48/rotation = Quaternion(4.6521144e-08, 0.04873795, 5.366706e-08, 0.9988116)
bones/49/rotation = Quaternion(0.3810934, 0.04873869, 0.02835006, 0.92281556)
bones/50/rotation = Quaternion(-8.731149e-08, 2.7474018e-08, -1.2805685e-07, 1)
bones/51/rotation = Quaternion(-0.008248763, 0.00027083192, 0.032866996, 0.9994257)
bones/71/position = Vector3(0.12719111, 1.3579521, -0.024817597)
bones/71/rotation = Quaternion(2.0118682e-08, 0.6012074, 0.79909307, -4.5965308e-08)
bones/72/position = Vector3(-0.113425955, 1.3579521, -0.024817621)
bones/72/rotation = Quaternion(2.0118744e-08, 0.6012074, 0.79909307, -4.5965248e-08)

[node name="RightHandBone" parent="RigPivot/Rig" index="2"]
transform = Transform3D(-0.9623427, -0.27080312, -0.023712134, 0.22535951, -0.8435386, 0.48749992, -0.15201862, 0.46379834, 0.8728007, -0.34941155, 1.0066638, 0.018637657)

[node name="LeftHandBone" parent="RigPivot/Rig" index="3"]
transform = Transform3D(-0.97051316, 0.23910831, 0.030520905, -0.21145341, -0.905292, 0.36842066, 0.115722865, 0.35110354, 0.92915773, 0.34774035, 0.99029744, -0.015101373)

[node name="RayCastBoneAttachment" type="BoneAttachment3D" parent="RigPivot/Rig"]
transform = Transform3D(-0.9623427, -0.27080312, -0.023712134, 0.22535951, -0.8435386, 0.48749992, -0.15201862, 0.46379834, 0.8728007, -0.34941155, 1.0066638, 0.018637657)
bone_name = "DEF-hand.R"
bone_idx = 51
use_external_skeleton = true
external_skeleton = NodePath("../CharacterRig/GameRig/Skeleton3D")

[node name="AttackRayCast" type="RayCast3D" parent="RigPivot/Rig/RayCastBoneAttachment"]
unique_name_in_owner = true
transform = Transform3D(-0.13543418, -0.24497953, 0.96002215, 0.9899943, 0.0052752257, 0.1410086, -0.039608564, 0.96951365, 0.24181396, -0.013728738, 0.088065386, -0.0448094)
target_position = Vector3(0, 1, 0)
collision_mask = 8
script = ExtResource("4_hwx2g")

[editable path="RigPivot/Rig"]
[editable path="RigPivot/Rig/CharacterRig"]
